Statement 221: MOVE CORRESPONDING MASTER TO BONDORDER
Object listing, LOC 01320 to 01361, page furniture removed.

01320  0535 00 1 01667   10001    GN)080         LAC    BL)2,1
01321  7 00000 1 00446   10010           +1      TXL    SYS)294,1,0
01322  4500 00 1 00005   10000           +2      CAL    1)DATE,1
01323  0602 00 0 00075   10001           +3      SLW    5)DATE
01324  0500 00 1 00016   10000           +4      CLA    1)BONDENOMINATION,1
01325  0074 00 4 00264   10010           +5      TSX    SYS)180,4
01326  0 00000 0 00074   10001           +6      PZE    3)BONDENOMINATION,,0
01327  0020 00 0 00413   10010           +7      TRA    SYS)267,0,0
01330  000003000001      10000           +8      OCT    000003000001
01331  0774 00 1 00005   10000           +9      AXT    5,1
01332  4500 00 0 00070   10001          +10      CAL    5)EMPLOYEE.NUMBER
01333  0560 00 1 00000   10000          +11      LDQ    1)EMPLOYEE.NUMBER,1
01334  4773 00 0 00000   10000          +12      RQL    0
01335  0771 00 0 00036   10000          +13      ARS    30
01336  4763 00 0 00036   10000          +14      LGL    30
01337  0602 00 0 00070   10001          +15      SLW    5)EMPLOYEE.NUMBER
01340  4763 00 0 00006   10000          +16      LGL    6
01341  0560 00 0 00071   10001          +17      LDQ    5)EMPLOYEE.NUMBER+1
01342  4773 00 0 00006   10000          +18      RQL    6
01343  4763 00 0 00036   10000          +19      LGL    30
01344  0602 00 0 00071   10001          +20      SLW    5)EMPLOYEE.NUMBER+1
01345  0441 00 0 01766   10001          +21      LDI    CP)+58
01346  0604 00 0 00205   10010          +22      STI    SYS)133
01347  4500 00 0 01667   10001          +23      CAL    BL)2
01350  0361 00 0 01764   10001          +24      ACL    CP)+56
01351  0602 00 0 00204   10010          +25      SLW    SYS)132
01352  0074 00 4 00266   10010          +26      TSX    SYS)182,4
01353  1 00017 1 00357   10010          +27      TXI    SYS)239,1,15
01354  0441 00 0 01767   10001          +28      LDI    CP)+59
01355  0604 00 0 00204   10010          +29      STI    SYS)132
01356  0074 00 4 00266   10010          +30      TSX    SYS)182,4
01357  1 00001 1 00414   10010          +31      TXI    SYS)268,1,1
01360  1 00005 1 00415   10010          +32      TXI    SYS)269,1,5
01361  1 00005 1 00423   10010          +33      TXI    SYS)275,1,5
