angle 0.5000000000000022 head y 189 203 DATE x 438 PAGE x 1206 pitch 9.253
y=130-137 slot=-3.86 cols=[116.3]
y=160-167 slot=-1.90 cols=[116.3]
y=189-203 slot=0.00 cols=[0.3, 0.8, 1.4, 2.6, 3.3, 5.5, 6.4, 6.9, 7.4, 8.5, 9.4, 9.7, 10.5, 11.2, 11.8, 12.5, 15.5, 16.5, 17.3, 17.5, 18.3, 21.5, 21.7, 22.5, 23.3, 23.6, 24.4, 24.7, 27.3, 28.3, 29.3, 30.2, 30.9, 31.2, 31.9, 32.2, 32.7, 33.6, 55.4, 56.3, 56.8, 57.5, 59.2, 60.5, 62.3, 62.8, 63.3, 63.8, 64.3, 64.7, 65.4, 66.4, 67.2, 68.3, 68.7, 69.5, 70.5, 71.3, 72.0, 72.3, 72.6, 73.5, 73.8, 83.3, 83.7, 84.4, 85.2, 85.8, 86.2, 89.6]
y=219-226 slot=1.96 cols=[116.4, 116.7]
y=238-256 slot=3.20 cols=[-5.5, -4.8, -4.2, -3.7, -1.6, -0.7, -0.1, 0.3, 1.4, 2.4, 2.9, 3.3, 4.5, 5.3, 5.8, 6.4, 6.8, 8.4, 9.3, 9.8, 10.4, 11.3, 11.9, 12.3, 13.3, 13.7, 15.2, 16.3, 16.8, 17.3, 17.5, 18.6, 19.2, 19.6, 20.2, 20.8, 21.3, 23.2, 24.3, 25.3, 25.6, 26.2, 26.9, 27.4, 27.8, 29.3, 29.7, 30.2, 30.7, 31.3, 32.3, 33.4, 34.3, 34.9, 35.3, 37.5, 38.3, 38.8, 39.3, 41.3, 41.7, 42.6, 43.3, 43.7, 44.4, 44.6, 45.3, 45.6, 46.4, 48.3]
y=269-295 slot=5.23 cols=[0.4, 1.4, 1.7, 2.4, 3.3, 3.8, 4.3, 7.3, 7.8, 8.5, 10.5, 11.3, 11.6, 12.3, 12.8, 13.3, 13.8, 18.2, 18.8, 20.3, 20.6, 21.5, 23.2, 23.9, 24.3, 24.7, 48.5, 49.3, 50.3, 50.8, 51.3, 51.9, 52.5, 53.3, 53.7, 54.3, 55.4, 55.7, 56.5, 57.3, 58.2, 58.7, 73.4, 116.5]
y=299-324 slot=7.19 cols=[0.4, 1.3, 1.7, 2.4, 3.3, 4.3, 7.3, 7.8, 8.5, 8.7, 10.5, 11.2, 11.6, 12.3, 12.8, 13.3, 13.8, 18.3, 20.3, 20.6, 21.3, 21.7, 23.3, 23.8, 24.3, 24.7, 48.3, 48.8, 49.3, 49.9, 50.6, 51.3, 51.7, 52.3, 52.8, 53.5, 54.3, 54.8, 55.3, 56.5, 56.7, 57.6, 58.3, 59.2, 59.6, 73.4, 73.7, 116.4]
y=329-343 slot=9.16 cols=[0.4, 1.3, 2.6, 3.3, 4.3, 7.2, 7.8, 8.7, 10.5, 11.2, 12.4, 12.7, 21.5, 23.3, 24.2, 24.8, 48.3, 48.8, 49.3, 50.6, 51.3, 52.5, 53.3, 54.2, 55.4, 56.3, 57.3, 73.2, 73.8, 116.4]
y=345-355 slot=10.20 cols=[0.4, 1.5, 1.7, 2.4, 2.8, 3.3, 4.3, 7.3, 7.8, 8.6, 13.6, 18.2, 18.6, 20.3, 20.6, 73.2, 73.8]
y=359-372 slot=11.12 cols=[0.4, 1.3, 2.6, 3.3, 4.3, 7.2, 7.9, 8.4, 10.4, 11.2, 11.8, 12.4, 12.7, 21.3, 21.7, 23.3, 24.2, 24.8, 48.2, 49.1, 49.8, 50.2, 51.2, 52.3, 53.3, 54.4, 55.3, 56.2, 73.6, 116.3, 116.7, 117.0]
y=375-385 slot=12.16 cols=[0.4, 1.4, 1.7, 2.4, 2.8, 3.3, 4.3, 7.2, 7.8, 8.4, 8.6, 12.4, 12.7, 13.3, 13.8, 18.2, 18.7, 20.3, 20.6, 73.4, 73.7]
y=390-402 slot=13.15 cols=[0.4, 1.3, 2.5, 3.3, 4.3, 7.2, 7.8, 8.4, 8.7, 10.4, 11.2, 11.8, 12.6, 21.3, 21.7, 23.3, 24.2, 24.7, 48.3, 48.7, 49.3, 50.4, 51.2, 52.5, 53.3, 54.2, 73.2, 73.7, 116.4, 116.9]
y=406-416 slot=14.19 cols=[0.4, 1.4, 1.7, 2.2, 2.8, 3.3, 4.3, 7.2, 7.8, 8.4, 8.7, 12.4, 12.7, 13.2, 13.7, 18.2, 18.7, 20.2, 20.6, 72.4, 73.2, 73.8]
y=420-431 slot=15.11 cols=[0.3, 1.3, 2.5, 3.3, 4.3, 7.2, 7.8, 8.5, 8.7, 10.4, 11.2, 12.6, 21.3, 21.7, 23.2, 24.2, 24.7, 48.3, 48.7, 49.3, 49.8, 50.2, 50.8, 51.2, 51.7, 52.2, 52.8, 53.1, 53.6, 54.2, 54.8, 55.2, 56.3, 56.6, 57.3, 58.4, 59.3, 60.2, 72.5, 73.5, 116.3, 116.9]
y=436-447 slot=16.15 cols=[0.4, 1.3, 1.6, 2.2, 2.8, 3.2, 4.2, 7.2, 7.8, 8.4, 8.7, 13.3, 18.2, 18.7, 20.2, 20.6, 72.4, 73.4, 73.7]
y=451-462 slot=17.14 cols=[0.3, 1.2, 2.5, 3.2, 4.3, 7.2, 7.8, 8.5, 10.4, 11.2, 11.8, 12.3, 21.2, 21.6, 23.2, 24.2, 24.7, 48.3, 49.1, 49.6, 50.2, 50.6, 51.2, 51.7, 52.2, 52.5, 53.1, 54.4, 55.2, 56.2, 72.4, 73.6]
y=467-477 slot=18.18 cols=[0.3, 1.4, 1.6, 2.2, 2.7, 3.2, 4.2, 7.2, 7.8, 8.5, 13.2, 13.7, 18.1, 18.7, 20.2, 20.5, 72.4, 73.2, 73.6]
y=481-492 slot=19.10 cols=[0.3, 1.2, 2.5, 3.2, 4.4, 5.4, 19.2, 19.8, 20.3, 20.6, 21.4, 22.1, 24.4, 25.2, 25.7, 26.5, 27.2, 27.6, 28.3, 28.7, 29.4, 31.4, 32.4, 33.2, 34.2, 38.3, 38.7, 40.3, 40.6, 41.3, 41.7, 48.2, 49.4, 51.2, 51.6, 52.2, 52.7, 53.1, 53.6, 54.2, 55.4, 56.1, 57.3, 58.4, 59.4, 60.2, 60.8, 61.1, 61.6, 62.3, 62.7, 72.4, 73.2, 73.7]
y=770-778 slot=38.00 cols=[-12.5, -11.9]
y=799-807 slot=39.90 cols=[-12.5, -11.9]
y=825-836 slot=41.60 cols=[-12.5, -12.1, -11.7, -0.9]
y=858-866 slot=43.75 cols=[-12.1]
y=886-894 slot=45.59 cols=[-12.2]
y=916-923 slot=47.55 cols=[-12.0]
y=944-952 slot=49.38 cols=[-12.2]
y=974-981 slot=51.34 cols=[-12.2]
y=1003-1010 slot=53.24 cols=[-12.2]
y=1033-1040 slot=55.20 cols=[-12.1]
y=1062-1069 slot=57.10 cols=[-12.0]
