angle 1.1500000000000028 head y 194 208 DATE x 432 PAGE x 1201 pitch 9.2651
y=164-171 slot=-1.96 cols=[116.1]
y=194-208 slot=0.00 cols=[0.3, 0.8, 1.3, 2.6, 3.3, 5.6, 6.3, 6.9, 7.5, 8.6, 9.4, 9.8, 10.4, 11.3, 11.8, 12.6, 15.6, 16.6, 17.4, 18.3, 21.8, 23.4, 23.7, 24.4, 24.8, 27.4, 28.3, 29.2, 30.3, 31.0, 31.3, 31.8, 32.2, 32.7, 33.7, 55.5, 56.2, 56.7, 57.5, 59.2, 60.5, 62.3, 62.7, 63.2, 63.8, 64.3, 64.6, 65.3, 66.5, 67.2, 68.4, 68.7, 69.5, 70.5, 71.3, 71.9, 72.3, 72.6, 73.4, 73.7, 83.3, 83.7, 84.4, 85.2, 85.8, 86.2, 89.5, 89.8, 90.4, 90.7]
y=224-231 slot=1.96 cols=[116.2]
y=243-269 slot=3.20 cols=[0.2, 0.8, 1.5, 2.6, 3.5, 4.3, 7.3, 8.4, 8.7, 9.3, 9.8, 10.2, 10.9, 11.3, 11.8, 12.3, 12.8, 13.4, 13.8, 14.3, 15.0, 15.4, 16.4, 16.6, 16.9, 17.4, 17.8, 18.3, 18.9, 25.6, 26.3, 26.9, 27.3, 27.8, 28.3, 28.8, 29.2, 29.8, 40.6, 41.5, 42.4, 42.7, 49.3, 49.8, 50.3, 51.6, 56.3, 57.3, 57.7, 58.4, 58.8, 59.2, 59.8, 60.3, 60.9, 61.3, 61.8, 62.3, 62.8, 63.2, 63.9, 64.3, 64.8, 65.3, 65.8, 66.2, 66.8, 67.3, 67.8, 116.3]
y=274-300 slot=5.23 cols=[0.2, 0.7, 1.5, 2.6, 3.4, 3.8, 4.3, 4.8, 7.3, 7.5, 7.9, 8.8, 9.4, 10.3, 10.6, 11.4, 12.4, 12.6, 13.4, 13.7, 14.7, 15.6, 16.6, 17.4, 17.6, 18.5, 25.6, 26.3, 26.9, 27.3, 27.8, 28.4, 28.9, 29.3, 29.8, 40.6, 41.4, 41.7, 42.4, 42.6, 49.3, 49.8, 50.3, 51.6, 56.3, 56.9, 57.3, 57.8, 58.4, 59.2, 59.6, 60.3, 61.3, 61.6, 62.3, 62.6, 63.5, 64.5, 65.5, 66.2, 66.6, 67.4, 116.4]
y=304-330 slot=7.19 cols=[0.3, 0.8, 1.5, 2.6, 3.4, 3.8, 4.4, 4.7, 7.3, 8.3, 8.5, 8.7, 9.4, 10.3, 10.8, 11.3, 12.3, 12.7, 13.4, 13.7, 14.4, 15.6, 16.5, 17.4, 17.6, 18.4, 18.8, 25.6, 26.3, 26.9, 27.3, 27.8, 28.4, 28.9, 29.3, 29.9, 40.6, 41.4, 41.9, 42.4, 42.7, 49.3, 49.9, 50.3, 51.6, 56.3, 57.3, 57.5, 57.7, 58.4, 59.2, 59.7, 60.3, 61.3, 61.7, 62.3, 62.6, 63.4, 64.5, 65.4, 66.2, 66.6, 67.4, 67.6, 116.2]
y=335-348 slot=9.22 cols=[0.3, 0.8, 1.5, 2.6, 3.5, 3.8, 4.4, 4.7, 7.3, 7.9, 8.3, 8.8, 9.4, 9.8, 10.3, 10.9, 11.3, 11.8, 12.7, 13.4, 13.9, 14.4, 14.8, 15.6, 16.6, 17.4, 17.9, 18.4, 19.0, 25.6, 26.4, 27.0, 27.3, 27.9, 28.4, 28.9, 29.3, 29.9, 40.6, 41.4, 41.7, 42.4, 42.7, 49.3, 49.9, 50.3, 51.6, 56.3, 56.9, 57.3, 57.8, 58.4, 58.9, 59.3, 59.8, 60.3, 60.9, 61.7, 62.4, 62.8, 63.3, 63.7, 64.5, 65.5, 66.2, 66.8, 67.2, 67.9, 116.2]
y=350-361 slot=10.20 cols=[0.2, 0.8, 1.5, 2.7, 3.4, 3.8, 4.4, 4.7, 7.3, 7.9, 8.3, 8.9, 9.4, 9.8, 10.3, 10.9, 11.6, 12.6, 13.7, 14.7, 15.6, 16.7, 17.7, 18.6, 25.7, 26.4, 27.0, 27.4, 27.9, 28.4, 28.9, 29.3, 29.9, 40.6, 41.5, 41.7, 42.4, 42.8, 49.3, 49.8, 50.3, 51.6, 56.3, 56.9, 57.3, 57.8, 58.4, 58.9, 59.3, 59.9, 60.5, 61.6, 62.6, 63.5, 64.5, 65.6, 66.6, 67.5]
y=366-377 slot=11.25 cols=[0.3, 0.8, 1.5, 2.7, 3.4, 3.8, 4.4, 4.8, 7.4, 7.9, 8.3, 8.9, 9.4, 9.8, 10.3, 10.9, 11.3, 11.8, 12.4, 12.9, 13.4, 13.9, 14.7, 15.6, 16.6, 17.6, 18.6, 25.7, 26.4, 27.0, 27.3, 27.8, 28.4, 28.9, 29.3, 29.9, 40.6, 41.4, 41.7, 42.4, 42.8, 49.3, 49.9, 50.3, 51.6, 56.3, 56.9, 57.3, 57.8, 58.4, 58.8, 59.3, 59.9, 60.3, 60.9, 61.3, 61.8, 62.4, 62.9, 63.5, 64.5, 65.6, 66.6, 67.5, 116.1, 116.5, 116.9]
y=381-391 slot=12.23 cols=[0.3, 0.8, 1.5, 2.7, 3.4, 3.8, 4.6, 7.6, 8.8, 9.4, 9.9, 10.6, 11.3, 11.8, 12.5, 12.7, 13.4, 13.9, 14.3, 14.9, 15.4, 16.0, 16.4, 16.9, 17.4, 17.9, 18.4, 19.0, 25.6, 26.4, 27.0, 27.4, 27.9, 28.4, 28.9, 29.3, 29.9, 40.6, 41.4, 41.7, 42.6, 49.3, 49.9, 50.4, 51.6, 56.6, 57.7, 58.4, 58.9, 59.6, 60.3, 60.9, 61.4, 61.7, 62.4, 62.8, 63.3, 63.9, 64.3, 64.8, 65.3, 65.9, 66.4, 67.3, 67.9]
y=396-407 slot=13.21 cols=[0.3, 0.8, 1.5, 2.7, 3.8, 4.3, 4.8, 7.4, 7.9, 8.4, 8.9, 9.4, 9.6, 9.9, 10.6, 10.8, 11.4, 11.8, 12.8, 13.5, 13.8, 14.4, 14.9, 15.5, 15.7, 16.7, 17.4, 17.9, 18.4, 19.0, 25.6, 26.4, 27.0, 27.3, 27.9, 28.4, 28.9, 29.3, 29.9, 40.6, 41.4, 41.7, 42.4, 42.8, 49.3, 49.9, 50.3, 51.6, 56.3, 56.9, 57.3, 57.8, 58.4, 58.8, 59.4, 59.8, 60.3, 60.9, 61.7, 62.4, 62.7, 63.3, 63.9, 64.4, 64.7, 65.6, 66.4, 66.8, 67.3, 67.9]
y=411-421 slot=14.19 cols=[0.3, 0.8, 1.6, 2.7, 3.8, 4.5, 7.4, 7.9, 8.4, 8.9, 9.4, 9.8, 10.6, 11.3, 11.8, 12.5, 12.7, 13.5, 13.7, 14.4, 14.9, 15.4, 16.0, 16.4, 16.9, 17.4, 17.9, 18.4, 19.0, 25.7, 26.4, 27.0, 27.4, 27.9, 28.4, 28.9, 29.3, 29.9, 40.6, 41.4, 41.7, 42.4, 42.7, 49.3, 49.9, 50.3, 51.6, 56.3, 56.9, 57.3, 57.8, 58.4, 58.8, 59.6, 60.3, 60.9, 61.4, 61.7, 62.4, 62.7, 63.3, 63.8, 64.3, 64.8, 65.3, 65.8, 66.2, 66.8, 67.3, 67.8]
y=426-437 slot=15.17 cols=[0.3, 0.8, 1.6, 2.7, 3.8, 4.5, 4.8, 7.6, 8.7, 9.7, 10.7, 11.3, 12.0, 12.4, 12.9, 13.4, 13.9, 14.3, 14.9, 15.3, 15.8, 16.4, 16.9, 17.4, 17.9, 18.4, 19.0, 25.6, 26.4, 27.0, 27.3, 27.8, 28.4, 28.9, 29.3, 29.9, 40.6, 41.7, 42.3, 42.8, 49.3, 49.9, 50.3, 51.6, 56.6, 57.6, 58.6, 59.7, 60.3, 60.9, 61.4, 61.8, 62.3, 62.9, 63.3, 63.9, 64.3, 64.8, 65.3, 65.9, 66.2, 66.8, 67.3, 67.9, 116.3, 116.9]
y=441-452 slot=16.15 cols=[0.3, 0.8, 1.5, 2.7, 3.8, 4.7, 7.3, 7.9, 8.4, 8.9, 9.4, 9.9, 10.3, 10.9, 11.3, 11.8, 12.4, 12.9, 13.4, 13.9, 14.4, 15.0, 15.4, 16.0, 16.6, 17.5, 17.8, 18.4, 18.8, 25.6, 26.4, 27.0, 27.3, 27.9, 28.4, 28.9, 29.3, 29.9, 40.6, 41.7, 42.5, 49.3, 49.9, 50.3, 51.6, 56.3, 56.9, 57.4, 57.8, 58.4, 58.9, 59.3, 59.9, 60.3, 60.9, 61.4, 61.9, 62.4, 62.9, 63.3, 63.9, 64.3, 64.8, 65.6, 66.5, 66.8, 67.4, 67.8]
y=456-467 slot=17.14 cols=[0.3, 0.8, 1.5, 2.7, 3.8, 4.4, 4.7, 7.3, 7.9, 8.4, 8.9, 9.4, 9.9, 10.3, 10.9, 11.3, 11.8, 12.4, 12.9, 13.4, 13.9, 14.3, 14.9, 15.4, 16.0, 16.6, 17.4, 17.9, 18.4, 18.9, 25.6, 26.4, 26.9, 27.4, 27.8, 28.4, 28.9, 29.3, 29.9, 40.6, 41.7, 42.4, 42.8, 49.3, 49.9, 50.3, 51.6, 56.3, 56.9, 57.3, 57.8, 58.4, 58.9, 59.3, 59.9, 60.3, 60.9, 61.3, 61.8, 62.3, 62.8, 63.2, 63.9, 64.3, 64.8, 65.6, 66.4, 66.8, 67.4, 67.6]
y=472-482 slot=18.18 cols=[0.8, 1.5, 2.7, 3.6, 4.4, 4.8, 7.3, 7.9, 8.4, 8.9, 9.4, 9.9, 10.3, 10.9, 11.4, 12.0, 12.4, 12.9, 13.4, 14.3, 14.9, 15.6, 16.6, 17.5, 17.9, 18.4, 19.0, 25.6, 26.4, 26.9, 27.3, 27.8, 28.4, 28.9, 29.3, 29.9, 40.6, 41.7, 42.7, 49.3, 49.9, 50.3, 51.6, 56.3, 56.9, 57.4, 57.8, 58.4, 58.9, 59.3, 59.9, 60.3, 60.9, 61.3, 61.8, 62.3, 62.9, 63.2, 63.9, 64.5, 65.6, 66.4, 66.8, 67.3, 67.9]
y=487-498 slot=19.16 cols=[0.8, 1.5, 2.7, 3.6, 4.4, 4.8, 7.3, 7.9, 8.4, 8.9, 9.4, 9.9, 10.3, 10.9, 11.3, 11.8, 12.4, 12.8, 13.4, 13.9, 14.3, 14.9, 15.3, 15.8, 16.4, 16.9, 17.4, 17.9, 18.5, 18.9, 25.6, 26.3, 26.9, 27.3, 27.8, 28.3, 28.9, 29.3, 29.9, 40.6, 41.6, 42.4, 42.7, 49.3, 49.8, 50.3, 51.6, 56.3, 56.9, 57.3, 57.8, 58.9, 59.3, 59.9, 60.3, 60.9, 61.3, 61.8, 62.4, 62.9, 63.3, 63.9, 64.3, 64.8, 65.3, 65.8, 66.4, 66.8, 67.4, 67.8]
y=503-513 slot=20.21 cols=[0.8, 1.5, 2.7, 3.8, 4.6, 7.6, 8.6, 9.4, 9.9, 10.3, 10.9, 11.3, 11.8, 12.4, 12.9, 13.7, 14.7, 15.7, 16.7, 17.7, 18.6, 25.6, 26.3, 27.0, 27.3, 27.9, 28.4, 28.9, 29.3, 29.9, 40.6, 41.7, 42.4, 42.8, 49.3, 49.9, 50.3, 51.6, 56.6, 57.6, 58.9, 59.3, 59.9, 60.3, 60.9, 61.4, 61.9, 62.6, 63.7, 64.6, 65.6, 66.6, 67.5]
y=518-528 slot=21.19 cols=[0.8, 1.6, 2.7, 3.4, 3.8, 4.4, 4.8, 7.3, 7.9, 8.3, 9.7, 10.7, 11.6, 12.6, 13.4, 13.9, 14.4, 14.9, 15.3, 15.8, 16.4, 16.9, 17.4, 17.9, 18.3, 19.0, 25.6, 26.3, 27.0, 27.3, 27.9, 28.4, 28.9, 29.3, 29.9, 40.6, 41.7, 42.4, 42.8, 49.3, 49.9, 50.3, 51.6, 56.3, 56.9, 57.3, 57.8, 58.6, 59.6, 60.5, 61.6, 62.3, 62.8, 63.3, 63.8, 64.3, 64.8, 65.3, 65.9, 66.2, 66.9, 67.3, 67.9]
y=533-544 slot=22.17 cols=[0.3, 0.8, 1.5, 2.7, 3.4, 3.8, 4.6, 7.3, 7.9, 9.4, 9.9, 10.3, 10.9, 11.3, 11.8, 12.4, 12.9, 13.4, 13.9, 15.4, 16.0, 17.4, 17.9, 18.3, 19.0, 19.6, 20.7, 21.5, 21.9, 25.6, 26.4, 27.0, 27.4, 27.9, 28.4, 28.9, 29.5, 40.6, 41.7, 42.6, 49.4, 49.8, 50.5, 50.7, 51.4, 56.4, 56.7, 57.6, 58.4, 58.7, 59.3, 60.5, 61.4, 62.6, 63.3, 63.9]
y=549-559 slot=23.22 cols=[0.3, 0.8, 1.6, 2.7, 3.4, 3.8, 4.5, 4.8, 7.3, 7.9, 9.4, 9.9, 10.3, 10.9, 11.3, 11.8, 12.3, 12.9, 13.4, 13.9, 15.3, 15.8, 17.4, 17.9, 18.3, 19.0, 19.6, 20.7, 21.5, 21.8, 25.6, 26.3, 26.9, 27.3, 27.8, 28.4, 28.9, 29.5, 40.6, 41.7, 42.4, 42.8, 49.4, 49.8, 50.5, 51.4, 56.3, 56.7, 57.4, 58.6, 59.3, 59.8, 60.3, 60.6, 61.4, 62.4, 62.8, 64.4, 64.7]
y=564-574 slot=24.20 cols=[0.3, 0.8, 1.6, 2.6, 3.4, 3.8, 4.7, 7.3, 7.9, 9.4, 9.9, 10.3, 10.9, 11.3, 11.8, 12.3, 12.9, 13.4, 13.9, 15.4, 16.0, 17.4, 17.9, 18.3, 19.0, 19.6, 20.8, 21.5, 21.8, 25.6, 26.4, 26.9, 27.3, 27.9, 28.4, 28.9, 29.5, 40.6, 41.7, 42.5, 42.8, 49.4, 49.8, 50.5, 51.4, 56.6, 57.3, 57.8, 58.8, 59.3, 59.9, 60.3, 60.6, 61.4, 62.4, 64.4, 64.7]
y=579-590 slot=25.18 cols=[0.3, 0.8, 1.6, 2.7, 3.5, 3.8, 4.5, 4.7, 7.3, 7.9, 9.4, 9.9, 10.3, 10.9, 11.3, 12.0, 12.4, 12.9, 13.4, 13.9, 15.4, 16.0, 17.4, 17.9, 18.4, 19.0, 19.6, 20.6, 21.8, 25.6, 26.4, 27.0, 27.4, 27.8, 28.4, 28.9, 29.5, 40.6, 41.4, 41.7, 42.4, 42.9, 49.4, 49.8, 50.5, 51.4, 56.5, 57.3, 57.8, 58.6, 59.3, 60.3, 60.6, 61.3, 61.8, 62.4, 63.3, 65.6, 66.2, 66.9, 67.5, 68.4, 69.4, 70.5, 70.8, 71.5, 72.5, 73.3, 73.8]
y=595-606 slot=26.23 cols=[0.3, 0.8, 1.6, 2.7, 3.4, 3.8, 4.4, 4.8, 7.3, 7.9, 9.4, 9.9, 10.3, 10.9, 11.3, 12.0, 12.4, 12.9, 13.4, 13.9, 15.3, 16.0, 17.4, 17.9, 18.4, 18.9, 19.6, 20.6, 20.8, 21.5, 21.8, 25.6, 26.4, 26.9, 27.3, 27.9, 28.4, 28.9, 29.5, 40.6, 41.4, 41.7, 42.5, 49.4, 49.8, 50.5, 51.4, 56.3, 56.7, 57.3, 57.7, 58.5, 58.7, 59.3, 59.8, 60.3, 60.9, 61.6, 62.6, 63.2, 63.9, 64.5, 65.4, 66.4, 67.4, 67.8, 68.5, 69.5, 70.3, 70.9]
y=610-621 slot=27.21 cols=[0.3, 0.8, 1.6, 2.7, 3.4, 3.8, 4.4, 4.8, 7.3, 7.9, 9.4, 9.9, 10.3, 10.9, 11.3, 11.8, 12.4, 12.9, 13.6, 15.4, 16.0, 17.4, 17.9, 18.3, 19.0, 19.4, 19.9, 20.7, 21.5, 21.9, 25.6, 26.4, 27.0, 27.3, 27.9, 28.4, 28.9, 29.5, 40.6, 41.4, 41.7, 42.5, 42.8, 49.4, 49.8, 50.5, 51.4, 56.5, 57.3, 57.7, 58.4, 59.3, 59.9, 60.5, 61.5, 62.6]
y=625-636 slot=28.19 cols=[0.3, 0.8, 1.6, 2.7, 3.4, 3.8, 4.6, 7.3, 7.9, 9.4, 9.9, 10.3, 10.9, 11.3, 11.8, 12.4, 12.9, 13.4, 13.9, 15.4, 16.0, 17.4, 17.9, 18.4, 19.0, 19.4, 19.9, 20.4, 20.9, 21.3, 21.9, 25.6, 26.4, 27.0, 27.4, 27.9, 28.4, 28.9, 29.3, 29.9, 40.6, 41.5, 41.9, 42.8, 49.4, 49.8, 50.5, 51.4, 56.5, 57.6, 58.4, 58.9, 59.4, 60.5, 61.6, 62.6, 63.3, 63.9]
y=640-653 slot=29.17 cols=[0.3, 0.8, 1.6, 2.7, 3.5, 3.9, 4.4, 4.9, 7.3, 7.9, 9.4, 9.9, 10.3, 10.9, 11.3, 11.8, 12.4, 12.9, 13.4, 13.9, 15.4, 16.0, 17.4, 17.9, 18.4, 19.0, 19.4, 19.9, 20.4, 20.9, 21.3, 21.9, 25.6, 26.4, 27.0, 27.4, 27.9, 28.4, 28.9, 29.3, 29.9, 40.6, 41.4, 41.7, 42.4, 42.7, 49.4, 49.8, 50.5, 51.4, 56.3, 56.9, 57.4, 58.6, 59.4, 60.5, 61.4, 62.6, 63.5, 64.3, 64.8]
y=656-667 slot=30.22 cols=[0.3, 0.8, 1.6, 2.7, 3.9, 4.6, 7.3, 7.9, 9.4, 9.9, 10.3, 10.9, 11.3, 11.8, 12.4, 12.9, 13.4, 13.9, 15.3, 15.8, 17.4, 17.9, 18.3, 19.0, 19.4, 19.9, 20.4, 20.9, 21.3, 21.9, 25.6, 26.4, 27.0, 27.4, 27.9, 28.4, 28.9, 29.3, 29.9, 40.6, 41.4, 41.7, 42.4, 42.8, 49.4, 49.8, 50.5, 51.4, 56.5, 57.6, 58.4, 59.3, 59.8, 60.3, 60.9, 61.4, 62.4, 62.9, 63.5, 64.4, 65.3, 66.6, 67.3, 67.9, 68.3, 68.8, 69.4, 69.8, 70.3, 70.8]
y=671-684 slot=31.20 cols=[0.3, 0.8, 1.5, 2.7, 3.4, 3.9, 4.5, 4.8, 7.3, 8.0, 9.4, 9.9, 10.3, 10.9, 11.3, 11.8, 12.4, 12.9, 13.4, 13.9, 15.3, 15.8, 17.4, 17.9, 18.4, 19.0, 19.4, 19.9, 20.4, 20.9, 21.3, 21.9, 25.6, 26.4, 26.9, 27.3, 27.8, 28.4, 28.9, 29.3, 29.9, 40.6, 41.4, 41.7, 42.4, 42.8, 49.4, 49.8, 50.5, 51.4, 56.4, 56.7, 57.6, 58.4, 59.3, 59.8, 60.3, 60.7, 61.4, 62.4, 62.9, 63.5, 64.3, 65.3, 66.6, 67.3, 67.8, 68.3, 68.8, 69.4]
y=686-697 slot=32.18 cols=[0.3, 0.8, 1.6, 2.7, 3.4, 3.9, 4.7, 7.3, 7.9, 9.4, 9.9, 10.3, 10.9, 11.3, 11.8, 12.4, 12.9, 13.5, 13.8, 15.4, 16.0, 17.4, 17.9, 18.4, 19.0, 19.4, 19.9, 20.6, 20.8, 21.7, 25.6, 26.4, 27.0, 27.4, 27.9, 28.4, 28.9, 29.5, 40.6, 41.4, 41.7, 42.6, 49.4, 49.8, 50.5, 51.4, 56.6, 57.6, 58.4, 58.9, 59.4, 59.8, 60.3, 60.7, 61.4, 62.6, 63.5, 64.4, 64.7]
y=701-712 slot=33.16 cols=[0.3, 0.8, 1.6, 2.7, 3.4, 3.9, 4.5, 4.7, 7.3, 7.9, 9.4, 9.9, 10.3, 10.9, 11.3, 11.8, 12.4, 12.9, 13.8, 15.4, 16.0, 17.4, 17.9, 18.4, 19.0, 19.4, 19.9, 20.5, 20.8, 21.3, 21.9, 25.6, 26.4, 27.0, 27.4, 27.9, 28.4, 28.9, 29.5, 40.6, 41.4, 41.7, 42.4, 42.8, 49.4, 49.8, 50.5, 51.4, 56.7, 57.6, 58.4, 59.3, 60.3, 60.7, 61.3, 62.3, 62.9, 63.5, 64.3, 65.4, 66.5, 67.5, 68.7]
y=717-728 slot=34.21 cols=[0.3, 1.6, 2.7, 3.4, 3.9, 4.4, 4.8, 7.3, 8.0, 9.4, 9.9, 10.3, 10.9, 11.3, 11.8, 12.4, 12.9, 13.4, 13.9, 15.4, 16.0, 17.4, 17.9, 18.4, 18.9, 19.4, 19.9, 20.6, 20.8, 21.5, 21.8, 25.6, 26.4, 26.9, 27.4, 27.9, 28.4, 28.9, 29.5, 40.6, 41.4, 42.4, 42.7, 49.4, 49.8, 50.4, 50.7, 51.4, 56.4, 56.6, 57.6, 58.4, 58.9, 59.3, 59.9, 60.3, 60.7, 61.6, 62.3, 62.9, 63.5, 64.4, 65.4, 65.9]
y=732-745 slot=35.19 cols=[0.3, 1.6, 2.7, 3.4, 3.9, 4.4, 4.9, 7.4, 8.0, 9.9, 10.3, 10.9, 11.3, 11.8, 12.4, 12.9, 13.8, 15.4, 15.8, 17.4, 17.9, 18.4, 19.0, 19.4, 19.9, 20.6, 20.8, 21.5, 21.8, 25.6, 26.4, 26.9, 27.4, 27.8, 28.4, 28.9, 29.5, 40.6, 41.3, 41.7, 42.3, 42.8, 49.4, 49.8, 50.5, 51.4, 56.4, 56.7, 57.6, 58.4, 59.4, 59.8, 60.5, 61.5, 62.5, 63.7]
y=747-758 slot=36.17 cols=[0.3, 1.6, 2.7, 3.4, 3.9, 4.6, 7.3, 7.9, 9.9, 10.3, 10.9, 11.3, 11.8, 12.4, 12.9, 13.4, 13.9, 15.4, 16.0, 17.4, 17.9, 18.4, 19.0, 19.4, 19.9, 20.6, 20.8, 21.5, 21.9, 25.6, 26.4, 27.0, 27.4, 27.9, 28.4, 28.9, 29.5, 40.6, 41.4, 41.9, 42.6, 49.4, 49.8, 50.5, 51.4, 56.4, 56.6, 57.6, 58.6, 59.3, 60.4, 61.3, 61.7, 62.5, 63.5, 64.3, 64.8]
y=762-776 slot=37.15 cols=[0.3, 1.5, 2.7, 3.4, 3.9, 4.4, 4.8, 7.3, 7.9, 9.9, 10.3, 10.9, 11.3, 11.8, 12.4, 12.9, 13.4, 13.9, 15.4, 16.0, 17.4, 17.9, 18.4, 19.0, 19.4, 19.9, 20.4, 20.9, 21.5, 21.9, 25.6, 26.4, 27.0, 27.4, 27.8, 28.4, 28.9, 29.3, 30.0, 40.6, 41.4, 41.9, 42.4, 42.8, 49.4, 49.8, 50.5, 51.4, 56.5, 57.6, 58.3, 58.9, 59.2, 59.9, 60.3, 60.9, 61.3, 61.7, 62.5, 62.8, 63.5, 64.5, 65.3, 65.8]
y=778-789 slot=38.19 cols=[-12.2, 0.3, 0.8, 1.5, 2.7, 3.4, 3.9, 4.6, 7.4, 7.9, 9.4, 9.9, 10.3, 10.9, 11.3, 11.8, 12.4, 12.9, 13.5, 13.8, 15.4, 16.0, 17.4, 17.9, 18.4, 19.0, 19.4, 19.9, 20.5, 20.8, 21.5, 21.9, 25.7, 26.4, 27.0, 27.4, 27.9, 28.4, 28.9, 29.5, 40.6, 41.4, 41.9, 42.7, 49.4, 49.8, 50.5, 51.4, 56.3, 56.9, 57.3, 57.7, 58.5, 58.8, 59.6, 60.5, 61.5, 61.8]
y=793-804 slot=39.18 cols=[0.3, 0.8, 1.5, 2.7, 3.4, 3.9, 4.5, 4.8, 7.3, 7.9, 9.3, 9.9, 10.3, 10.9, 11.3, 11.8, 12.4, 12.9, 13.4, 13.9, 15.4, 16.0, 17.4, 17.9, 18.4, 19.0, 19.4, 19.9, 20.7, 21.5, 21.8, 25.7, 26.4, 27.0, 27.4, 27.8, 28.4, 28.9, 29.5, 40.6, 41.4, 41.9, 42.4, 42.7, 49.4, 49.8, 50.5, 51.4, 56.5, 56.7, 57.6, 58.4, 58.8, 59.2, 59.9, 60.3, 60.7, 61.4, 61.9, 62.4, 63.3, 63.9, 64.3, 64.8, 65.3, 66.6, 67.5, 68.3, 68.9, 69.3]
y=809-820 slot=40.22 cols=[-11.7, 0.3, 0.8, 1.6, 2.7, 3.4, 3.9, 4.7, 7.3, 7.9, 9.4, 9.9, 10.3, 10.9, 11.3, 11.8, 12.4, 12.9, 13.6, 15.4, 16.0, 17.4, 17.9, 18.4, 19.0, 19.4, 19.9, 20.5, 21.6, 21.9, 25.6, 26.4, 27.0, 27.4, 27.9, 28.4, 28.9, 29.7, 40.6, 41.4, 41.9, 42.4, 42.8, 49.4, 49.8, 50.5, 51.4, 56.4, 56.7, 57.6, 58.5, 58.9, 59.3, 59.9, 60.3, 60.7, 61.4, 61.9, 62.4, 63.3, 63.9, 64.3, 65.0, 65.4, 65.8, 66.6, 67.3, 67.9, 68.4, 69.6]
y=824-837 slot=41.20 cols=[0.3, 0.8, 1.6, 2.7, 3.4, 3.9, 4.5, 4.8, 7.3, 7.9, 9.4, 9.9, 10.3, 10.9, 11.3, 12.0, 12.4, 12.9, 13.4, 13.9, 15.4, 16.0, 17.4, 18.0, 18.4, 19.0, 19.4, 19.9, 20.4, 20.9, 21.6, 25.7, 26.4, 27.0, 27.4, 27.9, 28.4, 29.0, 29.3, 29.9, 40.6, 41.4, 41.9, 42.4, 42.9, 49.4, 49.8, 50.5, 51.4, 56.5, 57.6, 58.4, 58.8, 59.4, 60.3, 60.7, 61.4, 62.6, 63.5, 64.3, 64.8]
y=839-851 slot=42.18 cols=[0.3, 0.8, 1.6, 2.7, 3.4, 4.0, 4.4, 4.8, 7.4, 8.0, 9.4, 9.9, 10.3, 10.9, 11.4, 12.0, 12.4, 12.9, 13.5, 13.8, 15.4, 16.0, 17.4, 17.9, 18.4, 19.0, 19.4, 19.9, 20.4, 20.9, 21.7, 25.6, 26.4, 27.0, 27.4, 27.9, 28.4, 28.9, 29.7, 40.6, 41.4, 41.9, 42.6, 49.4, 49.8, 50.5, 50.7, 51.4, 56.5, 56.7, 57.6, 58.4, 58.8, 59.4, 60.3, 60.7, 61.4, 62.6, 63.4, 64.4, 64.8]
y=855-868 slot=43.23 cols=[0.3, 0.8, 1.6, 2.7, 3.4, 3.9, 4.4, 4.8, 7.3, 7.9, 9.4, 9.9, 10.3, 10.9, 11.3, 11.8, 12.4, 12.9, 13.5, 13.9, 15.4, 16.0, 17.4, 17.9, 18.3, 19.0, 19.4, 19.9, 20.7, 21.7, 25.6, 26.4, 26.7, 27.0, 27.3, 27.6, 28.4, 28.9, 29.5, 40.6, 41.4, 41.9, 42.4, 49.4, 49.8, 50.5, 51.4, 56.4, 57.6, 58.3, 58.8, 59.4, 59.7, 60.3, 60.7, 61.4, 62.5, 63.4, 64.4, 64.7]
y=870-881 slot=44.21 cols=[0.3, 0.8, 1.5, 2.7, 3.3, 3.9, 4.6, 7.3, 7.9, 9.4, 9.9, 10.3, 10.9, 11.3, 11.8, 12.4, 12.9, 13.4, 13.9, 15.4, 16.0, 17.5, 18.0, 18.4, 19.1, 19.4, 19.9, 20.7, 21.5, 21.9, 25.6, 26.4, 27.0, 27.4, 27.9, 28.4, 28.9, 29.5, 40.6, 41.4, 41.9, 42.4, 42.8, 49.4, 49.8, 50.5, 51.4, 56.7, 57.6, 58.4, 58.8, 59.3, 59.9, 60.3, 60.6, 60.9, 61.4, 61.9, 62.4, 63.3, 63.8, 64.3, 65.0, 65.4, 65.8, 66.6, 67.3, 67.9, 68.4, 69.6]
y=885-898 slot=45.19 cols=[0.3, 0.8, 1.6, 2.7, 3.6, 4.4, 4.9, 7.3, 7.9, 9.4, 9.9, 10.3, 10.9, 11.3, 11.8, 12.4, 12.9, 13.7, 15.4, 16.0, 17.4, 17.9, 18.4, 19.0, 19.4, 19.9, 20.8, 21.5, 21.9, 25.6, 26.4, 27.0, 27.4, 27.8, 28.4, 28.9, 29.5, 40.6, 41.4, 41.9, 42.4, 42.9, 49.4, 49.8, 50.5, 51.4, 51.8, 56.5, 57.3, 57.5, 57.7, 58.5, 59.6, 60.3, 60.9, 61.4, 61.7, 62.4, 63.3, 63.8, 64.5, 65.5, 66.7]
y=900-911 slot=46.17 cols=[0.3, 0.8, 1.6, 2.7, 3.6, 4.6, 7.3, 7.9, 9.4, 9.9, 10.3, 10.9, 11.3, 11.8, 12.4, 12.9, 13.4, 13.9, 15.4, 16.0, 17.4, 17.9, 18.3, 19.0, 19.4, 19.9, 20.8, 21.7, 25.6, 26.4, 27.0, 27.4, 27.9, 28.4, 28.9, 29.5, 40.6, 41.3, 41.9, 42.6, 49.4, 49.8, 50.5, 51.4, 56.3, 56.6, 57.4, 58.6, 59.6, 60.3, 60.7, 61.4, 61.7, 62.4, 63.3, 63.8, 64.5, 65.5, 66.2, 66.8]
y=915-928 slot=47.16 cols=[0.3, 0.8, 1.9, 2.6, 3.4, 3.9, 4.4, 4.8, 7.4, 7.9, 8.4, 8.9, 9.4, 9.9, 10.3, 10.9, 11.3, 11.8, 12.4, 12.9, 13.4, 13.9, 14.3, 14.9, 15.4, 15.8, 16.6, 17.5, 17.9, 18.5, 18.9, 25.3, 25.9, 26.6, 27.6, 28.6, 29.5, 49.5, 49.8, 50.6, 51.5, 52.3, 52.8, 53.5, 56.3, 56.7, 57.3, 57.7, 58.6, 59.3, 59.7, 59.9, 60.3, 60.9, 61.3, 61.9]
y=946-958 slot=49.18 cols=[-5.5, -4.8, -4.2, -3.7, -1.5, -0.6, 0.4, 0.7, 1.6, 3.4, 4.4, 4.9, 5.5, 5.8, 6.5, 7.0, 7.4, 8.5, 8.8, 10.3, 11.4, 12.4, 12.9, 13.6, 14.4, 14.8, 15.4, 16.0, 16.5, 18.4, 19.5, 19.8, 20.4, 20.8, 21.5, 22.0, 23.4, 23.8, 24.4, 24.9, 25.3, 25.9, 26.3, 27.4, 27.9, 28.4, 28.9, 29.3, 29.7, 30.0, 31.5, 32.6, 32.8]
y=961-972 slot=50.16 cols=[0.5, 2.6, 3.4, 4.4, 4.8, 5.4, 5.9, 19.4, 19.9, 20.5, 21.6, 22.4, 24.6, 25.3, 25.9, 26.6, 27.5, 27.8, 28.4, 28.9, 29.5, 31.6, 32.6, 33.3, 33.8, 34.4, 38.5, 38.8, 40.5, 40.7, 41.3, 41.9, 48.3, 49.6, 51.4, 51.8, 52.3, 53.0, 53.3, 53.7, 54.4, 55.6, 56.3, 57.4, 58.6, 59.4, 60.3, 60.9, 61.3, 61.7, 62.5, 62.8, 72.3, 72.7, 73.6]
y=977-987 slot=51.21 cols=[-4.8, -4.1, -3.7, -3.2, -2.7, -2.2, -1.6]
